  120  1.0000E+02
    i  x                       den                     ener                    pres                    vel                     cs
    1  0.0000000000000000E+00  2.0070884654277242E-19  7.7133740242031996E+14  1.0320949355672047E-04  6.1528083364864515E-08  2.9275272129303940E+07
    2  8.4033613445378151E-03  4.1259671307347017E-08  3.9259214225085600E+03  1.0798815164745029E-04  2.0168067226891174E-05  6.6046460267741831E+01
    3  1.6806722689075630E-02  9.3359978787609347E-07  1.7350285376646991E+02  1.0798815164818212E-04  4.0336134453857161E-05  1.3884557919840697E+01
    4  2.5210084033613445E-02  5.7885716081301830E-06  2.7983108520095143E+01  1.0798815165776572E-04  6.0504201682255303E-05  5.5760508247419801E+00
    5  3.3613445378151261E-02  2.1124951720945586E-05  7.6678152788876447E+00  1.0798815171442028E-04  8.0672268921257050E-05  2.9188687456478076E+00
    6  4.2016806722689076E-02  5.7662143742695626E-05  2.8091606968769913E+00  1.0798815193310140E-04  1.0084033620745939E-04  1.7667171995530743E+00
    7  5.0420168067226891E-02  1.3098042459079998E-04  1.2366903633027323E+00  1.0798815258182838E-04  1.2100840364790456E-04  1.1722202880302416E+00
    8  5.8823529411764706E-02  2.6209995898434641E-04  6.1801700357486148E-01  1.0798815419239991E-04  1.4117647149881199E-04  8.2866492596683728E-01
    9  6.7226890756302521E-02  4.7800311511642835E-04  3.3887276346508056E-01  1.0798815770961407E-04  1.6134454029400966E-04  6.1361656817509289E-01
   10  7.5630252100840336E-02  8.1211419702193590E-04  1.9945747484534680E-01  1.0798816468270120E-04  1.8151261103854742E-04  4.7076471458131799E-01
   11  8.4033613445378151E-02  1.3047456446269810E-03  1.2414853954149075E-01  1.0798817750237374E-04  2.0168068548433565E-04  3.7140654505914070E-01
   12  9.2436974789915966E-02  2.0035169358909480E-03  8.0848979426248277E-02  1.0798819968665817E-04  2.2184876650590978E-04  2.9972020179243523E-01
   13  1.0084033613445378E-01  2.9637507154203596E-03  5.4654513783810718E-02  1.0798823621848062E-04  2.4201685859559599E-04  2.4642897057279501E-01
   14  1.0924369747899160E-01  4.2488495701884873E-03  3.8123835224304946E-02  1.0798829393781653E-04  2.6218496849845969E-04  2.0581500653716771E-01
   15  1.1764705882352941E-01  5.9306561290637584E-03  2.7312757553554233E-02  1.0798838199107925E-04  2.8235310600846777E-04  1.7420536269827642E-01
   16  1.2605042016806723E-01  8.0897986466217246E-03  2.0023090262957740E-02  1.0798851234030678E-04  3.0252128494829538E-04  1.4915722600649640E-01
   17  1.3445378151260504E-01  1.0816023867768948E-02  1.4976210526366296E-02  1.0798870033460695E-04  3.2268952435616530E-04  1.2899703065646424E-01
   18  1.4285714285714286E-01  1.4208518712886145E-02  1.1400445837640288E-02  1.0798896534623800E-04  3.4285784990402729E-04  1.1254848751459321E-01
   19  1.5126050420168067E-01  1.8376222145498715E-02  8.8148693419079507E-03  1.0798933147363105E-04  3.6302629557227138E-04  9.8966152136913015E-02
   20  1.5966386554621849E-01  2.3438128468121146E-02  6.9111636917054531E-03  1.0798982831360455E-04  3.8319490560702473E-04  8.7630307363158410E-02
   21  1.6806722689075630E-01  2.9523583225469208E-02  5.4866557514511543E-03  1.0799049180497831E-04  4.0336373678691182E-04  7.8078704960309509E-02
   22  1.7647058823529412E-01  3.6772572870367225E-02  4.4051050844251536E-03  1.0799136514576609E-04  4.2353286102696255E-04  6.9961140677642168E-02
   23  1.8487394957983193E-01  4.5336009361820676E-02  3.5730703244381469E-03  1.0799249978611432E-04  4.4370236834813630E-04  6.3008556071890808E-02
   24  1.9327731092436975E-01  5.5376010914198978E-02  2.9252907906229204E-03  1.0799395649916040E-04  4.6387237024169365E-04  5.7011604965060701E-02
   25  2.0168067226890756E-01  6.7066180199959196E-02  2.4154306882400314E-03  1.0799580653201161E-04  4.8404300345839299E-04  5.1805519742805952E-02
   26  2.1008403361344538E-01  8.0591881425521693E-02  2.0100932797846825E-03  1.0799813283909676E-04  5.0421443425321864E-04  4.7259252824590194E-02
   27  2.1848739495798319E-01  9.6150517851237281E-02  1.6848744106711965E-03  1.0800103140022252E-04  5.2438686311706225E-04  4.3267570749044276E-02
   28  2.2689075630252101E-01  1.1395181151293312E-01  1.4217142912228368E-03  1.0800461262577867E-04  5.4456053002748138E-04  3.9745220414575034E-02
   29  2.3529411764705882E-01  1.3421808712587935E-01  1.2070914415996928E-03  1.0800900285168726E-04  5.6473572025134984E-04  3.6622571085172975E-02
   30  2.4369747899159664E-01  1.5718456241422475E-01  1.0307724651951355E-03  1.0801434592688606E-04  5.8491277073289578E-04  3.3842321715652226E-02
   31  2.5210084033613445E-01  1.8309964741247683E-01  8.8493456778516297E-04  1.0802080489638395E-04  6.0509207710129638E-04  3.1356986954623102E-02
   32  2.6050420168067227E-01  2.1222525563333611E-01  7.6354176222462579E-04  1.0802856378323277E-04  6.2527410133266428E-04  2.9126958917901811E-02
   33  2.6890756302521008E-01  2.4483713039145022E-01  6.6189611008185919E-04  1.0803782947313724E-04  6.4545938010192230E-04  2.7118999286721052E-02
   34  2.7731092436974790E-01  2.8122519001920669E-01  5.7631128473146983E-04  1.0804883370588050E-04  6.6564853386072009E-04  2.5305056252137742E-02
   35  2.8571428571428571E-01  3.2169389621281698E-01  5.0387264003356769E-04  1.0806183517829108E-04  6.8584227667820172E-04  2.3661328976331536E-02
   36  2.9411764705882353E-01  3.6656265030952096E-01  4.4225914044790572E-04  1.0807712176412999E-04  7.0604142688208663E-04  2.2167522300476377E-02
   37  3.0252100840336134E-01  4.1616622292528924E-01  3.8960999320380137E-04  1.0809501285704909E-04  7.2624691853817936E-04  2.0806248879811762E-02
   38  3.1092436974789916E-01  4.7085522308322959E-01  3.4442390105303181E-04  1.0811586184368100E-04  7.4645981380707650E-04  1.9562546444475412E-02
   39  3.1932773109243697E-01  5.3099661374323984E-01  3.0548233995125285E-04  1.0814005871498433E-04  7.6668131621749071E-04  1.8423485613967264E-02
   40  3.2773109243697479E-01  5.9697428151160783E-01  2.7179068556683949E-04  1.0816803282520756E-04  7.8691278489626157E-04  1.7377849424765473E-02
   41  3.3613445378151261E-01  6.6918966927484147E-01  2.4253270958259659E-04  1.0820025580927266E-04  8.0715574979576704E-04  1.6415870017306647E-02
   42  3.4453781512605042E-01  7.4806248157615725E-01  2.1703516885980305E-04  1.0823724467104307E-04  8.2741192796008356E-04  1.5529011160470051E-02
   43  3.5294117647058824E-01  8.3403147374872015E-01  1.9474007000630219E-04  1.0827956505685677E-04  8.4768324087185895E-04  1.4709787747026060E-02
   44  3.6134453781512605E-01  9.2755533715203695E-01  1.7518281183662663E-04  1.0832783473090938E-04  8.6797183292244990E-04  1.3951615272339004E-02
   45  3.6974789915966387E-01  1.0291136943445544E+00  1.5797485914415141E-04  1.0838272727159885E-04  8.8828009104841879E-04  1.3248683756180436E-02
   46  3.7815126050420168E-01  1.1392082196872529E+00  1.4278993181853128E-04  1.0844497601083550E-04  9.0861066557796198E-04  1.2595851690075114E-02
   47  3.8655462184873950E-01  1.2583639027342249E+00  1.2935293757931064E-04  1.0851537824162528E-04  9.2896649233122301E-04  1.1988556468534235E-02
   48  3.9495798319327731E-01  1.3871304738555503E+00  1.1743105832845264E-04  1.0859479972300352E-04  9.4935081601869249E-04  1.1422738450051315E-02
   49  4.0336134453781513E-01  1.5260840138889681E+00  1.0682653627836132E-04  1.0868417951569141E-04  9.6976721498195808E-04  1.0894776336410100E-02
   50  4.1176470588235294E-01  1.6758287722696645E+00  9.7370808688949295E-05  1.0878453518673753E-04  9.9021962732087834E-04  1.0401431989498652E-02
   51  4.2016806722689076E-01  1.8369992210888315E+00  8.8919717964625250E-05  1.0889696842697011E-04  1.0107123784507256E-03  9.9398031483204634E-03
   52  4.2857142857142857E-01  2.0102623759368060E+00  8.1349583345264025E-05  1.0902267113141313E-04  1.0312502101318660E-03  9.5072827842229589E-03
   53  4.3697478991596639E-01  2.1963204182608702E+00  7.4553966096477018E-05  1.0916293200001410E-04  1.0518383110129797E-03  9.1015240540909791E-03
   54  4.4537815126050420E-01  2.3959136583882506E+00  6.8440995364010956E-05  1.0931914372421386E-04  1.0724823487264941E-03  8.7204099906172200E-03
   55  4.5378151260504202E-01  2.6098238834225740E+00  6.2931149222186641E-05  1.0949281083419510E-04  1.0931885035715888E-03  8.3620272144835154E-03
   56  4.6218487394957983E-01  2.8388781400246371E+00  5.7955406792109964E-05  1.0968555829223757E-04  1.1139635038155556E-03  8.0246430721669946E-03
   57  4.7058823529411765E-01  3.0839530087630954E+00  5.3453704037020672E-05  1.0989914092966795E-04  1.1348146626381254E-03  7.7066857004537644E-03
   58  4.7899159663865546E-01  3.3459794344181421E+00  4.9373639018399949E-05  1.1013545383863425E-04  1.1557499167351828E-03  7.4067265987974256E-03
   59  4.8739495798319328E-01  3.6259481855196965E+00  4.5669382819567123E-05  1.1039654384560921E-04  1.1767778665875767E-03  7.1234653567212579E-03
   60  4.9579831932773109E-01  3.9249160267122608E+00  4.2300760624477819E-05  1.1068462221142130E-04  1.1979078183868691E-03  6.8557162381700638E-03
   61  5.0420168067226891E-01  4.2440126995118495E+00  3.9232474046024276E-05  1.1100207872306404E-04  1.2191498275921081E-03  6.6023963701762003E-03
   62  5.1260504201680672E-01  4.5844488209534582E+00  3.6433441090125779E-05  1.1135149736593627E-04  1.2405147440691522E-03  6.3625153211014642E-03
   63  5.2100840336134454E-01  4.9475248258734444E+00  3.3876234397342968E-05  1.1173567379197484E-04  1.2620142587356406E-03  6.1351658854094719E-03
   64  5.2941176470588235E-01  5.3346410975497464E+00  3.1536601838521312E-05  1.1215763482989246E-04  1.2836609515991206E-03  5.9195159185078746E-03
   65  5.3781512605042017E-01  5.7473094536338008E+00  2.9393056323383613E-05  1.1262066031904894E-04  1.3054683410316096E-03  5.7148010875643116E-03
   66  5.4621848739495798E-01  6.1871661803469086E+00  2.7426523942844316E-05  1.1312830758909407E-04  1.3274509340692226E-03  5.5203184230666660E-03
   67  5.5462184873949580E-01  6.6559868384912928E+00  2.5620041410728894E-05  1.1368443895427561E-04  1.3496242774584275E-03  5.3354205718563238E-03
   68  5.6302521008403361E-01  7.1557031007912399E+00  2.3958495280337728E-05  1.1429325264520332E-04  1.3720050090886684E-03  5.1595106658952036E-03
   69  5.7142857142857143E-01  7.6884219224482733E+00  2.2428396650698839E-05  1.1495931766306559E-04  1.3946109093519251E-03  4.9920377325295441E-03
   70  5.7983193277310924E-01  8.2564473967831422E+00  2.1017686097942631E-05  1.1568761311317579E-04  1.4174609518503657E-03  4.8324925818121637E-03
   71  5.8823529411764706E-01  8.8623057069065174E+00  1.9715564410135273E-05  1.1648357265788324E-04  1.4405753527304665E-03  4.6804041148097546E-03
   72  5.9663865546218487E-01  9.5087736542640965E+00  1.8512345402066145E-05  1.1735313482520244E-04  1.4639756177525266E-03  4.5353360039761536E-03
   73  6.0504201680672269E-01  1.0198911327752131E+01  1.7399327666369958E-05  1.1830280002120775E-04  1.4876845860050748E-03  4.3968837028020904E-03
   74  6.1344537815126050E-01  1.0936099575442845E+01  1.6368682600317174E-05  1.1933969522392489E-04  1.5117264689410877E-03  4.2646717472114460E-03
   75  6.2184873949579832E-01  1.1724083057873069E+01  1.5413356450888822E-05  1.2047164748721615E-04  1.5361268831445393E-03  4.1383513156930856E-03
   76  6.3025210084033613E-01  1.2567019801060338E+01  1.4526984458368922E-05  1.2170726755867869E-04  1.5609128749298021E-03  4.0175980190447298E-03
   77  6.3865546218487395E-01  1.3469538333443382E+01  1.3703815462038112E-05  1.2305604512023766E-04  1.5861129345325140E-03  3.9021098939531152E-03
   78  6.4705882352941176E-01  1.4436803689307368E+01  1.2938645569941480E-05  1.2452845739918107E-04  1.6117569972706939E-03  3.7916055775212873E-03
   79  6.5546218487394958E-01  1.5474593798677588E+01  1.2226759695752383E-05  1.2613609317720728E-04  1.6378764286443407E-03  3.6858226423467506E-03
   80  6.6386554621848739E-01  1.6589388068398123E+01  1.1563879935722505E-05  1.2789179455337559E-04  1.6645039899102054E-03  3.5845160739123654E-03
   81  6.7226890756302521E-01  1.7788470301308999E+01  1.0946119902755737E-05  1.2980981920315852E-04  1.6916737802315661E-03  3.4874568739278160E-03
   82  6.8067226890756303E-01  1.9080048512653863E+01  1.0369944257035865E-05  1.3190602633184042E-04  1.7194211510839620E-03  3.3944307749010593E-03
   83  6.8907563025210084E-01  2.0473394700696155E+01  9.8321327769155276E-06  1.3419809006096223E-04  1.7477825882296938E-03  3.3052370526711979E-03
   84  6.9747899159663866E-01  2.1979008231496018E+01  9.3297484028839619E-06  1.3670574462984896E-04  1.7767955563002538E-03  3.2196874249398052E-03
   85  7.0588235294117647E-01  2.3608807230409944E+01  8.8601087638363736E-06  1.3945106656391913E-04  1.8064983009028837E-03  3.1376050250392459E-03
   86  7.1428571428571429E-01  2.5376353266103328E+01  8.4207607606311572E-06  1.4245879988741148E-04  1.8369296032641343E-03  3.0588234413162409E-03
   87  7.2268907563025210E-01  2.7297115706115559E+01  8.0094578387730776E-06  1.4575673157882864E-04  1.8681284828203614E-03  2.9831858136289053E-03
   88  7.3109243697478992E-01  2.9388783466691011E+01  7.6241396314503629E-06  1.4937612583234142E-04  1.9001338439518334E-03  2.9105439795967816E-03
   89  7.3949579831932773E-01  3.1671633538515313E+01  7.2629136972881898E-06  1.5335222736158326E-04  1.9329840643251083E-03  2.8407576644441161E-03
   90  7.4789915966386555E-01  3.4168967727972031E+01  6.9240391150511457E-06  1.5772484604626575E-04  1.9667165241412731E-03  2.7736937095687536E-03
   91  7.5630252100840336E-01  3.6907631619357541E+01  6.6059117309255119E-06  1.6253903778332756E-04  2.0013670780469219E-03  2.7092253363739549E-03
   92  7.6470588235294118E-01  3.9918632978953534E+01  6.3070508835437076E-06  1.6784589959984392E-04  2.0369694745708990E-03  2.6472314434232162E-03
   93  7.7310924369747899E-01  4.3237880872354655E+01  6.0260874580032404E-06  1.7370350109035641E-04  2.0735547316608309E-03  2.5875959366011363E-03
   94  7.8151260504201681E-01  4.6907071895090996E+01  5.7617531430352766E-06  1.8017797928141483E-04  2.1111504810829264E-03  2.5302070936399383E-03
   95  7.8991596638655462E-01  5.0974756443016013E+01  5.5128707852921710E-06  1.8734483038805790E-04  2.1497802988877432E-03  2.4749569660214232E-03
   96  7.9831932773109244E-01  5.5497626294612277E+01  5.2783457514196892E-06  1.9529043997736290E-04  2.1894630434946191E-03  2.4217408227736807E-03
   97  8.0672268907563025E-01  6.0542075499808133E+01  5.0571582220451607E-06  2.0411390326235573E-04  2.2302122267674771E-03  2.3704566419070588E-03
   98  8.1512605042016807E-01  6.6186100409442280E+01  4.8483563519134236E-06  2.1392920021899943E-04  2.2720354462329045E-03  2.3210046560136707E-03
   99  8.2352941176470588E-01  7.2521622623972058E+01  4.6510502370614824E-06  2.2486780673153908E-04  2.3149339078007925E-03  2.2732869587306792E-03
  100  8.3193277310924370E-01  7.9657342014844184E+01  4.4644066332058463E-06  2.3708184404974476E-04  2.3589020675245009E-03  2.2272071782106762E-03
  101  8.4033613445378151E-01  8.7722257567167870E+01  4.2876443697075107E-06  2.5074789583726627E-04  2.4039274177717271E-03  2.1826702223824405E-03
  102  8.4873949579831933E-01  9.6870034042679483E+01  4.1200304011293194E-06  2.6607165680951440E-04  2.4499904376002039E-03  2.1395820986375716E-03
  103  8.5714285714285714E-01  1.0728444570413961E+02  3.9608764343290749E-06  2.8329362183972251E-04  2.4970647193775640E-03  2.0978498077606020E-03
  104  8.6554621848739496E-01  1.1918619918453592E+02  3.8095360642730899E-06  3.0269608277141703E-04  2.5451172743032829E-03  2.0573813086524147E-03
  105  8.7394957983193277E-01  1.3284153244111172E+02  3.6654023474444536E-06  3.2461177656517964E-04  2.5941090093072411E-03  2.0180855469821595E-03
  106  8.8235294117647059E-01  1.4857311460357253E+02  3.5279057389431362E-06  3.4943462910839988E-04  2.6439953578094050E-03  1.9798725376883164E-03
  107  8.9075630252100840E-01  3.7662149233903740E+01  3.7662149233903744E-11  2.5108099489269166E-11  0.0000000000000000E+00  1.0540925533894598E-06
  108  8.9915966386554622E-01  3.7662149233903740E+01  3.7662149233903744E-11  2.5108099489269166E-11  0.0000000000000000E+00  1.0540925533894598E-06
  109  9.0756302521008403E-01  3.7662149233903740E+01  3.7662149233903744E-11  2.5108099489269166E-11  0.0000000000000000E+00  1.0540925533894598E-06
  110  9.1596638655462185E-01  3.7662149233903740E+01  3.7662149233903744E-11  2.5108099489269166E-11  0.0000000000000000E+00  1.0540925533894598E-06
  111  9.2436974789915966E-01  3.7662149233903740E+01  3.7662149233903744E-11  2.5108099489269166E-11  0.0000000000000000E+00  1.0540925533894598E-06
  112  9.3277310924369748E-01  3.7662149233903740E+01  3.7662149233903744E-11  2.5108099489269166E-11  0.0000000000000000E+00  1.0540925533894598E-06
  113  9.4117647058823529E-01  3.7662149233903740E+01  3.7662149233903744E-11  2.5108099489269166E-11  0.0000000000000000E+00  1.0540925533894598E-06
  114  9.4957983193277311E-01  3.7662149233903740E+01  3.7662149233903744E-11  2.5108099489269166E-11  0.0000000000000000E+00  1.0540925533894598E-06
  115  9.5798319327731092E-01  3.7662149233903740E+01  3.7662149233903744E-11  2.5108099489269166E-11  0.0000000000000000E+00  1.0540925533894598E-06
  116  9.6638655462184874E-01  3.7662149233903740E+01  3.7662149233903744E-11  2.5108099489269166E-11  0.0000000000000000E+00  1.0540925533894598E-06
  117  9.7478991596638655E-01  3.7662149233903740E+01  3.7662149233903744E-11  2.5108099489269166E-11  0.0000000000000000E+00  1.0540925533894598E-06
  118  9.8319327731092437E-01  3.7662149233903740E+01  3.7662149233903744E-11  2.5108099489269166E-11  0.0000000000000000E+00  1.0540925533894598E-06
  119  9.9159663865546218E-01  3.7662149233903740E+01  3.7662149233903744E-11  2.5108099489269166E-11  0.0000000000000000E+00  1.0540925533894598E-06
  120  1.0000000000000000E+00  3.7662149233903740E+01  3.7662149233903744E-11  2.5108099489269166E-11  0.0000000000000000E+00  1.0540925533894598E-06
